00100000000000100000000000000101
00000000000000000000000000001100
00000000000000101000100000100000
00111100000000010000000001010000
00110100001001000000000000000000
00100000000000100000000000000100
00000000000000000000000000001100
00000010001000000010000000100001
00100000000000100000000000000001
00000000000000000000000000001100
00111100000000010000000001010000
00110100001001000000000000001000
00100000000000100000000000000100
00000000000000000000000000001100
00000000000100010010000000100000
00001100000100000000000000011001
00000000000000100010000000100000
00100000000000100000000000000001
00000000000000000000000000001100
00111100000000010000000001010000
00110100001001000000000000010000
00100000000000100000000000000100
00000000000000000000000000001100
00100000000000100000000000001010
00000000000000000000000000001100
00100011101111011111111111110100
10101111101111110000000000001000
10101111101100000000000000000100
10101111101100010000000000000000
00000000100000001000000000100000
00100000000000100000000000000001
00101010000011110000000000000011
00010101111000000000000000000110
00100010000001001111111111111111
00001100000100000000000000011001
00000000000000101000100000100000
00100010000001001111111111111110
00001100000100000000000000011001
00000010001000100001000000100000
10001111101111110000000000001000
10001111101100000000000000000100
10001111101100010000000000000000
00100011101111010000000000001100
00000011111000000000000000001000
