00100000100001000000000001010000
00000000000001000010010000000000
00100000000000100000000000000100
00000000000000000000000000001100
00111100000001000000000001010000
00110100100001000000000000100100
00100000000000100000000000000100
00000000000000000000000000001100
00100000010000100000000000001000
00000000000000000000000000001100
00000000000000100100000000100000
00100000000000100000000000001001
00100000000001000000000000000100
00000000000000000000000000001100
00000000000000100100100000100000
10100001001010000000000000000000
00111100000001000000000001010000
00110100100001000000000000111100
00100000000000100000000000000100
00000000000000000000000000001100
10000001001001000000000000000000
00100000010000100000000000000111
00000000000000000000000000001100
00100000000001000000000001010000
00000000000001000010010100000000
00000000000001000010000100000010
00110100100001000000000001011000
00100000000000100000000000000100
00000000000000000000000000001100
00111100000001000000000001010000
00110100100001000000000001101100
00100000000000100000000000000100
00000000000000000000000000001100
00111100000001000000000001010000
00110100100001000000000001110000
00100000000000100000000000000100
00000000000000000000000000001100
00111100000001000000000001010000
00110100100001000000000001111000
00100000000000100000000000000100
00000000000000000000000000001100
00111100000001000000000001010000
00110100100001000000000100000100
00100000000000100000000000000100
00000000000000000000000000001100
00111100000001000000000001010000
00110100100001000000000010000000
00100000000000100000000000000100
00000000000000000000000000001100
00111100000001000000000001010000
00110100100001000000000010100000
00100000000001010000000001000010
00100000000001100000000110100100
00100000010000100000000000001001
00000000000000000000000000001100
00000000000001000100000000100000
00100000000000100000000000001001
00100000000001000000000000111100
00000000000000000000000000001100
00000000000000100100100000100000
00000001000000000010000000100000
00111100000001010000000001010000
00110100101001010000000010110000
00100000000001100000000000101001
00100000000000100000000000001111
00000000000000000000000000001100
00000000000001000101000000100000
00100000000001000000000000000000
00111100000001000000000001010000
00110100100001000000000011011100
00100000000000100000000000000100
00000000000000000000000000001100
00000000000010100010000000100000
00100000000011010000000000000011
00000000010011010001000000100010
00000000000000000000000000001100
00100000000000100000000000010000
00000000000010000010000000100000
00000000000000000000000000001100
00111100000001000000000001010000
00110100100001000000000010100000
00100000000001010000000000000010
00100000000000100000000000001101
00000000000000000000000000001100
00100000100011010000000000000000
00100001001001010000000000000000
00100000000001100000000000101001
00100000000000100000000000001110
00000000000000000000000000001100
00100000000000100000000000010000
00000000000011010010000000100000
00000000000000000000000000001100
00100000000010000000000000000000
00100000000011010000000000000000
00000000000010010010000000100000
00100000000000100000000000000100
00000000000000000000000000001100
00111100000001000000000001010000
00110100100001000000000101010000
00100000000000100000000000000100
00000000000000000000000000001100
00111100000010000000000001010000
00110101000010000000000101001000
00111100000001000000000001010000
00110100100001000000000101101100
00100000000000100000000000000100
00000000000000000000000000001100
10000101000001000000000000000000
00000000000001000010010000000000
10000101000010100000000000000010
00000000100010100010000000100101
00100000100001000000000000000001
00100000000000100000000000000001
00000000000000000000000000001100
00100000000001000000000000000000
00111100000001000000000001010000
00110100100001000000000110101100
00100000000000100000000000000100
00000000000000000000000000001100
00111100000010010000000001010000
00110101001010010000000101001100
10000001001010100000000000000000
00000000000010100101011000000000
10000001001010110000000000000001
00000000000010110101110000000000
10000001001011000000000000000010
00000000000011000110001000000000
10000001001011010000000000000011
00000001010010110010000000100101
00000000100011000010000000100101
00000000100011010010000000100101
00100000100001001111111111111111
00100000000000100000000000000001
00000000000000000000000000001100
00100000000000100000000000001001
00100000000001000000000000110010
00000000000000000000000000001100
00000000000000100010000000100000
00100000000001010000000000110010
00100000000000100000000000001000
00000000000000000000000000001100
00100000000000100000000000000100
00000000000000000000000000001100
00111100000001000000000001010000
00110100100001000000000011111100
00100000000000100000000000000100
00000000000000000000000000001100
00100000000000100000000000010001
00100000000001000000000000110111
00000000000000000000000000001100
